1 0 9.278649 -12.881258 2.469327 0.111831 -0.001263
1 1 10.466715 15.817907 1.136824 0.160754 -0.020868
2 0 11.925184 -5.171390 6.079225 0.730488 0.032074
2 1 11.206848 9.142516 5.114651 -0.592806 0.022953
3 0 9.222350 -7.628366 6.463861 0.906242 0.047127
3 1 9.236309 14.225333 3.834158 -0.451125 0.020095
4 0 1.929769 -17.584352 1.229727 -0.051665 -0.006765
4 1 2.411593 24.221091 -2.305619 0.818805 -0.062499
5 0 8.671646 -7.819578 6.797778 1.026931 0.057805
5 1 9.232391 12.594715 5.164715 -0.765888 0.041705
6 0 12.638249 -2.990885 7.243651 0.908042 0.039825
6 1 13.948378 7.185772 6.022730 -0.791321 0.037996
7 0 7.058808 -14.113490 2.433461 0.164216 0.003544
7 1 8.069742 17.517333 0.998243 0.109044 -0.014765
